x0,y0
147.69284887585937,174.393444614003
