x0,y0
134.9456902477864,171.8533623224241
