x0,y0
100.58286073330376,179.5641394229612
