x0,y0
136.40605529798833,187.8121913519908
