x0,y0
181.20044804664042,57.400620911818834
