x0,y0
101.90233479821423,92.07964544975232
