x0,y0
110.34074903474689,70.23919273983259
