x0,y0
57.77149086170836,123.08914424841392
